C
114889.30
598539
0 96 6468.14
0 59 9375.91
0 95 3111.21
96 59 5582.09
96 95 9723.49
59 95 6885.42
A
289423.59
76014
65 10 7049.59
65 46 6884.49
65 39 8366.65
66 87 2905.70
66 46 6978.47
66 78 6349.63
66 39 7417.75
39 51 9244.64
39 92 3244.36
10 46 8262.01
10 51 170.46
10 78 3579.16
10 87 3384.75
10 92 4457.68
78 51 8593.58
51 46 4708.51
51 87 4115.43
51 92 7602.68
46 92 3615.72
87 92 9864.95
U
64287.72
666880
64 81 5268.75
64 10 8771.43
64 17 7606.68
64 20 2338.10
64 85 7804.20
64 54 3635.05
64 31 9804.12
81 10 6629.99
81 17 3600.56
81 20 2665.66
81 85 714.78
81 54 2470.18
81 31 8307.94
10 17 3530.62
10 20 2227.15
10 85 268.27
10 54 9319.19
10 31 2783.01
17 20 5862.18
17 85 2423.12
17 54 2126.50
17 31 5103.56
20 85 1170.93
20 54 5692.48
20 31 7190.49
85 54 1576.05
85 31 9344.67
54 31 6235.71
P
151754.59
87185
8 72 6341.64
8 42 4194.08
8 61 4706.65
8 23 6718.46
72 42 9602.64
72 61 7278.21
72 23 4947.18
42 61 9650.11
42 23 2087.94
61 23 189.87
E
38278.14
33035
0 91 9125.48
0 22 4328.82
0 62 261.10
0 39 2304.86
39 10 411.54
39 91 4195.39
39 29 4757.47
39 62 8020.06
10 91 7399.80
10 62 802.77
17 91 1490.72
17 22 4476.22
17 62 663.54
22 91 5332.85
22 29 4591.05
91 62 5653.42
G
129915.24
198067
6 13 7657.39
6 38 2286.91
6 15 6099.00
13 38 2188.33
13 15 3884.62
38 15 9969.62
j
19804.65
58091
37 72 9447.73
37 74 5170.29
37 15 9030.44
37 80 1980.55
37 81 4386.67
37 84 6347.91
37 21 4470.74
72 74 6424.92
72 15 4820.09
72 80 3801.67
72 81 8176.31
72 84 9675.93
72 91 6004.89
74 15 5757.11
74 81 5777.22
74 21 1217.88
74 91 6182.37
15 80 5939.48
15 84 1290.25
15 21 5370.29
15 91 5260.57
80 81 4105.97
80 21 6193.28
80 91 3915.68
81 84 4443.27
81 21 4251.13
21 91 4722.84
f
88415.42
130152
77 70 5232.43
77 79 3140.40
70 79 4822.41
w
172263.87
961128
64 90 4648.75
64 38 6286.53
64 79 3006.80
67 38 1030.50
38 35 9586.92
38 61 564.39
38 79 7415.30
79 90 4274.90
79 61 3997.09
35 90 6441.27
35 61 281.62
90 61 5999.22
z
125115.93
792290
97 6 5967.68
97 71 2565.95
97 21 7357.04
97 22 5854.47
97 88 6528.93
97 28 879.43
97 61 2717.50
6 71 4732.61
6 21 9385.82
6 22 2776.51
6 88 2698.96
6 28 743.27
6 61 6424.88
71 21 1199.04
71 22 342.77
71 88 5998.35
71 28 745.82
71 61 2583.24
21 22 9426.97
21 88 6897.01
21 28 4667.39
21 61 115.59
22 88 6570.98
22 28 4081.59
22 61 6515.45
88 28 4063.54
88 61 7327.92
28 61 5932.93
L
87973.06
452706
33 71 8874.04
33 9 9145.70
33 55 2188.98
33 31 7191.01
33 62 9238.31
33 63 7047.94
68 49 4663.99
68 55 1972.16
68 62 8000.86
68 31 7461.01
71 49 3486.25
9 63 1599.68
9 31 1199.70
49 20 2706.15
49 31 9462.66
49 62 1771.13
49 63 8183.91
20 55 6573.47
20 31 3460.12
55 31 8273.03
55 62 1203.02
55 63 261.33
62 31 3649.76