v
101150.59
908268
39 76 9771.51
39 47 617.47
39 19 925.25
39 56 4993.38
39 90 3572.95
39 27 4617.37
76 47 1091.55
76 19 8884.49
76 56 998.72
76 90 2459.47
76 27 9731.71
47 19 6874.13
47 56 5146.02
47 90 2058.72
47 27 7734.87
19 56 6966.08
19 90 6051.13
19 27 8973.60
56 90 8226.15
56 27 4142.33
90 27 3878.30
O
27561.40
358465
80 36 2024.50
80 8 4874.06
80 42 2915.53
80 44 9628.93
80 16 1042.07
80 62 2272.54
80 55 8341.57
80 94 5574.69
36 8 1504.11
36 42 7006.82
36 94 3453.53
36 55 1718.89
8 42 7693.63
8 16 2492.28
8 94 248.96
8 62 7097.37
42 44 9604.04
42 16 3837.49
42 62 1289.08
42 94 1273.73
44 62 7532.77
44 94 951.86
16 62 9931.47
16 55 5.73
62 55 2032.27
55 94 6278.78
a
122577.01
24779
19 20 583.58
19 29 9850.02
19 71 2645.54
20 29 8221.18
20 71 3040.48
29 71 7764.66
S
89109.42
905794
89 42 6310.63
89 43 2803.38
89 62 4295.29
89 31 5920.31
42 43 3673.82
42 31 9614.14
43 62 6953.83
43 31 126.63
62 31 994.56
Q
262574.40
486864
20 4 5371.05
20 53 1453.75
20 45 3338.72
4 53 4092.84
4 45 4301.13
53 45 8423.92
h
39971.32
475828
82 87 9678.21
82 37 4840.97
82 14 891.50
82 85 4142.73
87 37 3681.99
87 14 5357.46
87 85 559.59
37 85 4256.95
37 14 8023.25
14 85 1444.07
d
108387.22
106620
36 24 1040.04
36 7 6647.47
36 60 8181.84
36 30 2693.70
36 15 9701.75
7 24 7091.08
7 60 2168.48
7 30 310.33
7 15 1264.71
15 24 162.69
15 60 3168.59
15 30 7799.20
24 60 919.77
24 30 9342.76
60 30 3435.77
H
21328.71
527271
6 12 7311.34
6 42 638.65
6 92 4374.60
6 46 5605.18
6 55 3140.21
42 12 6141.11
42 92 5861.61
42 46 5335.80
42 55 2283.64
12 92 2957.05
12 46 9765.82
12 55 7133.42
46 92 861.90
46 55 6592.13
55 92 3659.07
s
291589.18
992429
0 73 9406.73
0 10 6029.56
0 11 2085.62
0 15 9340.71
0 52 4627.86
0 47 1084.57
73 15 6613.14
73 10 9302.47
73 11 6804.30
73 47 967.90
10 11 8538.17
10 47 2172.15
11 15 3687.45
11 52 1816.07
11 47 6390.60
47 15 6899.11
47 52 1041.74
52 15 5652.15
i
36407.34
507465
35 37 5249.81
35 62 3719.58
35 47 4665.39
4 26 9991.59
4 47 9373.48
37 29 7989.58
29 62 9656.55
47 62 9661.82
81 93 6362.91
81 62 3365.63
94 62 7110.25
26 93 3146.79
93 62 8181.76
l
75494.72
717462
56 18 7879.80
56 13 7590.65
56 30 6303.93
18 13 6778.16
18 30 2879.88
13 30 7533.51
Y
263298.02
837194
12 68 6133.83
12 22 6885.88
68 22 6616.85
r
162297.82
395495
70 7 9042.79
70 72 1093.53
70 73 8275.71
70 82 2844.91
70 52 5704.44
70 22 479.50
70 89 7795.70
70 28 3916.61
7 72 3237.77
7 73 8987.37
7 82 9261.32
7 52 8879.13
7 22 5635.59
7 89 7314.11
7 28 3956.71
72 73 3680.44
72 82 6790.81
72 52 7143.23
72 22 7988.81
72 89 9196.60
72 28 6663.20
73 82 1375.46
73 52 7895.59
73 22 1645.00
73 89 9522.29
73 28 5866.53
82 52 489.13
82 22 3419.41
82 89 952.48
82 28 242.93
52 22 8919.27
52 89 9317.74
52 28 8883.62
22 89 3543.22
22 28 8101.34
89 28 4665.47
o
77102.61
985909
18 84 5378.91
18 61 3013.39
18 7 1432.88
84 61 5483.46
84 7 1533.60
61 7 7607.78
F
208566.90
488253
32 97 5073.67
32 18 4523.27
32 11 5228.95
32 70 5696.25
32 23 2112.41
97 70 630.33
97 74 9840.66
97 11 1413.25
97 18 4058.24
97 21 7793.41
97 23 3852.13
37 74 1407.65
37 21 3807.10
37 70 5222.89
37 23 5810.71
70 74 4665.49
70 11 6991.96
70 18 8095.84
74 18 5382.42
74 21 177.24
74 23 5606.68
11 21 3208.85
11 23 1477.28
18 21 2724.87
18 23 1137.25
21 23 3700.48
q
208676.65
474773
81 6 6885.49
81 78 4455.91
81 62 6679.15
6 78 8056.37
6 62 1261.83
78 62 4789.82
X
295592.37
826121
65 49 3353.12
65 55 5952.51
65 25 230.44
65 29 871.87
65 71 9370.86
71 49 2897.55
71 55 8533.37
71 25 9683.24
71 59 9687.85
71 29 6091.05
49 25 827.00
49 59 4285.39
49 29 9313.26
55 25 1354.39
55 59 2583.20
55 29 4854.41
25 59 6532.52
25 29 6061.34
59 29 56.54
g
34271.72
663595
71 46 5392.98
71 80 7814.88
71 85 5299.61
71 93 7582.12
71 94 1407.20
71 95 398.38
46 80 2694.66
46 85 8815.02
46 93 8365.94
46 94 9009.31
46 95 9986.53
80 85 2949.91
80 93 824.32
80 94 5870.12
80 95 9347.75
85 93 436.45
85 94 521.37
85 95 6505.94
93 94 1949.95
93 95 298.54
94 95 9881.30
V
237235.34
515887
64 16 5937.01
64 90 8882.16
64 68 5264.29
64 69 8124.75
64 7 2781.03
68 16 685.59
68 90 4725.51
68 69 8699.30
68 7 7249.71
69 16 8507.33
69 90 9091.74
69 7 2348.72
7 16 5910.32
7 90 8707.25
16 90 9612.17
k
60236.04
952702
36 10 4612.57
36 15 4100.67
36 82 6946.74
36 51 9811.15
36 23 2102.01
36 89 406.95
36 74 3012.05
10 74 6672.26
10 15 8932.46
10 82 7564.49
10 51 4609.49
10 23 7838.68
10 89 3960.26
15 82 9844.47
15 51 1137.20
15 23 7810.39
15 89 9725.89
15 74 2720.06
82 51 2395.37
82 23 127.69
82 89 8628.53
82 74 2767.09
51 23 693.50
51 89 4325.11
51 74 7997.71
23 89 1576.18
23 74 2411.96
89 74 4845.38
K
273637.24
258179
4 63 6368.70
4 76 4981.30
4 45 211.77
4 21 240.71
4 91 6625.44
4 60 1129.32
4 31 3521.09
63 76 234.45
63 45 865.58
63 21 8001.11
63 91 9135.26
63 60 9395.79
63 31 5090.96
76 45 3874.43
76 21 9433.07
76 91 3038.39
76 60 7418.37
76 31 63.54
45 21 7831.99
45 91 9058.20
45 60 3280.18
45 31 9350.38
21 91 6350.12
21 60 8662.21
21 31 5360.30
91 60 3557.34
91 31 4643.53
60 31 3435.05
u
209570.91
824754
99 72 2068.42
99 73 1994.88
99 45 4683.85
99 86 6185.02
99 92 6748.14
99 29 1247.12
72 73 5811.59
72 45 9036.52
72 86 7983.92
72 92 5968.57
72 29 2807.10
73 45 6823.45
73 86 8393.28
73 92 3428.56
73 29 7863.32
45 86 2801.80
45 92 8147.43
45 29 797.11
86 92 2235.74
86 29 9460.95
92 29 519.59
e
192634.58
917708
34 67 9167.57
34 36 8656.43
34 37 3515.77
34 77 2840.90
34 47 4111.21
34 63 8763.42
67 63 996.25
67 36 6424.17
67 37 6210.78
67 47 9177.82
36 37 5898.26
36 77 2946.04
36 47 2084.90
37 77 661.74
37 63 1417.35
77 63 9114.08
77 47 5834.67
47 63 9009.14
t
294039.19
1022466
96 3 1282.65
96 10 4479.63
96 67 8973.79
96 50 8015.75
96 14 8134.23
3 10 274.86
3 67 7543.02
3 50 1177.96
3 14 5512.30
10 50 1290.39
10 67 4964.11
10 14 2958.43
14 67 7213.49
14 50 4911.61
50 67 7995.93
c
249443.71
91977
64 35 3285.11
64 91 123.84
64 84 4697.48
64 46 4903.39
2 35 4155.43
2 74 6094.50
2 91 5771.23
35 88 7374.69
35 46 8549.86
35 95 5828.70
74 88 2506.64
74 91 5258.72
74 29 2186.18
84 88 897.19
84 95 4302.40
88 95 8060.10
29 95 138.71
x
173897.14
190119
68 80 8521.25
68 30 393.69
68 69 7153.80
68 6 7912.20
68 45 7027.49
69 80 5770.49
69 30 988.08
69 6 83.97
69 45 1499.96
6 80 716.77
6 30 7414.44
6 45 9677.29
45 80 2354.22
45 30 9316.99
80 30 2886.58
p
157007.62
945018
0 32 5105.15
0 68 4019.46
0 71 5994.13
32 46 4976.51
32 71 8524.33
34 84 151.43
34 86 3783.31
34 46 2320.65
34 71 5351.16
68 86 8110.43
68 46 3170.24
68 71 2172.13
71 84 8876.03
75 84 6443.04
46 86 204.03
84 86 8873.30
N
124975.41
787955
18 90 4185.43
18 27 4873.13
18 14 9275.42
27 90 5011.41
27 14 2905.49
90 14 3516.34